# ---- cut here ----
#  - Numer of lines read: 30156
#  - Number of different ASes: 366

18881
15201
28617
262748
7048
20044
28331
28330
262878
17222
12989
262733
262731
262738
35052
10704
27715
28241
262815
28245
28247
28249
26616
27656
6505
53144
53146
53140
28329
28326
28327
53148
28323
22548
19182
16921
16712
28663
28661
28660
2688
28666
28665
28140
28668
28147
262785
22431
262780
11706
13761
262673
262677
262676
28656
26218
262775
10938
8167
53171
53170
53172
28362
28360
262852
28368
28599
28598
53100
28590
53102
26107
28597
28596
2716
2715
23596
53080
53086
28627
28626
28625
28624
28623
26622
28186
28187
28629
53070
28218
28219
28216
53079
53221
11835
14840
21574
10881
52951
7313
28133
28132
28137
28135
28138
19200
22407
14204
21506
12654
22085
11284
16891
19960
262725
262726
262721
14723
262729
28001
16397
13878
8055
27724
28250
28258
262869
53131
53130
53132
28311
28310
14026
1916
28171
10715
12222
14650
19089
22689
26592
26599
11242
17379
16594
53101
262686
262684
262680
262681
262769
262761
262765
262766
30122
14346
53166
53164
53165
14571
28358
28357
16685
28355
28352
28582
28583
28580
28586
53099
53093
53090
53091
4230
28630
28631
28634
27678
28637
23289
28229
12140
262750
28220
28227
28226
262833
13495
53236
11802
53239
21741
28647
28646
28640
28643
28124
28125
28127
28649
28202
28620
14282
11097
13522
53068
262659
262658
262713
262716
262717
28573
262817
53058
13353
262870
262873
28307
28301
28303
28267
28266
28265
28264
28263
28262
28261
53126
28284
28286
28280
22356
28289
22819
28160
28161
28163
28165
28166
28168
28609
28600
28604
28607
28606
28279
18547
53143
19723
14868
22515
12956
3549
11844
11271
15169
42
22177
262757
262699
262751
12076
262696
262758
262690
262693
10954
53158
53152
53151
21911
53157
3132
28349
28343
28346
28347
262899
10733
112
13914
28237
26606
15180
28233
26609
28239
7738
28339
28338
1251
28334
262804
262805
28333
53203
53202
10429
22381
28159
28652
28653
28651
22250
11921
28155
28154
28658
10417
19611
20406
28669
6762
28667
16735
262668
262669
28579
28141
7162
262706
28571
28577
28576
262701
262700
11432
53182
31529
53063
10670
23106
23105
28278
28370
28270
14551
28274
28277
53119
8674
53116
53110
28296
28294
20144
28299
27693
28195
28197
28190
27750
28192
28618
28619
28209
25832
28205
28204
28207
28206
28616
27664
7465
25933
# ---- cut here ----
