# ---- cut here ----
#  - Numer of lines read: 95623
#  - Number of different ASes: 862

27887
10297
18881
52920
52866
52861
262518
262516
262514
52944
52943
52869
35788
52940
32934
28646
262294
3856
53166
53244
53242
28339
19151
53165
28306
262314
54210
262743
262742
262745
262744
262748
22819
263539
52858
262585
262428
262429
262581
263604
262583
262582
52886
262420
4739
262589
52899
19653
28657
32787
293
52896
52862
262526
263035
21840
263033
46489
17222
25885
19873
12989
23002
262732
262733
262730
262731
262512
53204
262632
262631
52941
263042
262511
263047
52640
53208
52644
35052
1239
10704
7908
11432
27715
6939
8121
28243
262814
28359
28247
26615
28358
27656
13335
12129
53145
53146
10429
53140
12083
28328
262908
28326
1248
28325
53022
6079
262552
262557
19182
262492
262558
20485
52828
262421
7342
52632
10026
52822
262375
3292
855
52728
28282
28663
28148
28660
2688
28666
28665
28143
28669
28141
28146
262787
262785
40068
22431
262780
393225
262789
52915
26282
13768
39743
11644
52851
28267
54253
25152
10674
262346
262729
262379
262673
61898
28001
14361
14492
61897
262374
53085
27471
262476
28158
26218
262773
262478
262775
10938
7738
33597
27345
262988
8167
28161
53175
7465
263513
53171
262986
22250
28362
28360
262605
28366
28368
262857
262855
262854
52598
28598
263071
263076
28591
53101
53102
26107
28595
28597
28596
52770
2711
2716
2715
262777
262359
52572
23596
53080
21371
262354
53090
52578
7385
28626
28625
28624
5580
28189
28186
28187
28184
33132
28629
6327
52685
52686
53070
53072
28219
28216
262827
28214
262822
53225
53224
53221
19468
53223
53222
262310
33724
11835
14840
263603
52958
52959
263578
262509
10881
52816
262505
52951
262501
52708
52956
262502
41095
23289
20044
7313
36692
28132
28135
28134
28139
28138
32098
2906
19200
53143
52850
53179
3303
14204
21506
13618
8674
52898
52925
27381
262434
263632
12654
262981
52888
28630
22085
30447
52880
26496
11284
14928
262700
263102
262860
14907
15133
7784
53172
19960
262725
262727
262726
262721
12008
262643
262646
262728
46391
28226
10906
16397
13495
13878
53059
262318
23128
8055
263567
4181
53046
53041
262658
34695
262313
11751
23089
263097
52530
174
27720
262862
53131
28250
262867
262864
13445
28258
28259
53038
53130
53137
28313
28311
28310
12136
262540
262545
20940
262604
20080
262268
52748
52625
52623
52747
1916
28175
28173
28171
132591
19108
44654
28178
52873
28670
14650
28268
16509
196640
262711
3549
52960
52962
52965
52967
14026
52968
32590
262609
22689
263072
26592
53109
52844
11242
12956
61888
61889
22548
53100
3356
16594
28590
262686
262684
28593
262680
262681
262442
262444
262446
262448
262760
262996
262765
11796
262767
53110
30122
262636
28303
263447
53167
53164
263444
53162
263442
14571
16276
8781
262901
262903
262616
262610
262907
262906
28357
16685
28352
28350
263061
263060
28589
28262
28583
28580
28586
28587
8657
262881
262883
28579
52783
28124
53099
52663
52549
52661
52664
4230
28329
28631
28632
28634
16876
28636
28637
28638
28639
53001
7162
28229
12140
262839
263522
53006
53008
28220
28227
262705
28225
28224
53236
53237
53235
199524
11802
53239
52803
52713
52805
9304
262532
262533
262534
262353
262758
3573
28644
28647
11706
28640
28642
27781
28125
28126
52579
28649
28122
28123
16559
19602
262405
27589
262400
9002
14609
262617
28188
52937
263620
262406
52930
52931
14282
19679
16150
13030
262401
8218
11096
11097
62651
40260
262403
262335
263015
13522
53068
262761
263461
7795
262659
13489
262715
53075
262650
262652
262992
52981
52987
52527
23114
53061
52320
23520
53195
20142
53192
263471
10310
52697
53064
53053
53199
53066
262826
23105
263084
263083
263080
262873
28307
28300
28301
28269
262876
262879
262878
28265
28263
28309
53122
{2716,52888}
38082
262970
30094
29169
28284
28280
28283
28615
33182
22356
28289
28288
52613
16798
8560
52752
52750
52751
262372
10362
53144
28163
28165
28166
28168
28169
28191
28609
28602
28605
28604
21911
30071
61440
18547
23148
19723
14868
6730
52973
52971
52976
52974
28327
262963
22515
262288
7332
22381
262282
263469
197981
52875
262938
53021
21574
11844
11271
15169
14551
14340
{52888,262742}
52950
22177
262757
262750
262753
262695
262694
52922
262696
262691
262690
262693
10412
262596
262594
262595
12678
262458
52709
52568
57731
262599
29748
10954
28635
53158
263000
53157
23074
16265
13414
3132
36351
40627
28349
262624
28342
28343
28346
28347
262306
263055
8708
52657
263558
262336
262899
52799
26598
17379
262891
112
28292
28234
26606
15180
28233
52824
26609
28239
11039
53013
263531
53011
53016
28338
1251
28334
262802
53019
28331
28330
262807
53203
53202
53201
262488
262522
2603
262484
262487
8359
52720
28298
52839
52838
52836
52835
21595
52831
31800
5089
263057
263008
262717
28656
12322
28654
12041
28652
28653
28151
11921
28153
28155
263546
262344
6830
262510
18210
10417
262412
20406
262790
262419
262793
262794
262797
52909
52902
46786
52650
28661
52904
29834
16735
29895
28572
262792
10733
262664
262665
262666
262660
262663
262668
28140
16736
263672
262464
28668
52614
43531
28573
262706
28571
262704
28576
262469
29791
263645
52990
53182
52698
53184
53185
53187
52518
53062
52691
10670
8075
23106
262994
52694
28193
28278
28279
262965
262964
262848
28270
28271
28272
262847
42
28275
28277
263007
7298
53118
52586
53114
53112
53111
30081
28296
28294
262568
52763
28293
20144
262561
262560
262566
262565
28299
52605
31529
22822
262363
28206
27693
28198
28195
28616
28197
36408
28190
27750
28192
28618
28209
28203
25832
28204
28207
25933
28201
27664
53069
28202
# ---- cut here ----
