# ---- cut here ----
#  - Numer of lines read: 301371
#  - Number of different ASes: 1807

52865
52866
52860
27281
52862
52863
263982
52869
35788
262298
10897
262294
262296
19151
266285
262743
262742
262741
262740
262745
262744
262749
262748
262587
262583
262589
262588
32787
293
52861
46489
262636
262633
262632
52941
262511
52640
52641
52643
52646
42909
10704
12129
53024
53022
21928
10417
10412
265221
52736
2688
265131
265130
264518
265358
264517
264197
264192
264358
264356
264600
264353
264602
263378
264170
263374
263377
264990
264991
264992
264993
22819
10362
4258
8167
263510
263512
28362
28360
28366
28364
28368
262352
262353
262354
262355
28212
28188
28189
28186
28187
28184
28183
61741
262828
28219
28216
262827
262822
28213
28210
23274
52813
10881
263996
263990
266296
52898
52925
52926
52920
52922
266450
11280
26496
11284
28329
262862
262860
36236
43996
28257
262864
11751
262643
28255
262644
262645
64601
16397
28258
46786
174
61833
13445
265031
23128
53038
53039
12136
53037
61581
33445
20080
52748
52742
52747
33047
44654
265109
265103
14650
264188
8560
264181
264186
264185
265215
264349
264347
264342
264164
12956
264160
263340
263341
22548
264983
264981
264986
264989
264507
264500
29802
264509
15169
262901
262903
262388
262907
262906
262909
262908
28352
394354
262346
61689
262343
262341
28176
61683
61684
61758
61751
263525
263526
263527
263520
262838
263522
263523
262834
262837
28220
28227
262830
262833
28224
52802
52803
52807
52809
28644
28647
28646
28640
28642
28649
55256
19602
266024
6774
52937
52935
52932
52933
52930
52931
25605
13522
262659
11742
31800
262650
262652
29748
53197
53196
53195
266393
53192
53199
49544
61822
265022
33182
52758
16798
52752
52753
52750
52751
52756
52755
265112
263432
54994
14860
265375
14868
263434
20473
3223
265209
53020
264150
264152
264409
264158
3132
264400
264976
264977
26598
264972
53219
264083
264085
264571
264577
264574
264575
8141
23074
28349
262938
28340
14463
28342
28343
28346
28347
263357
263356
263353
264798
7342
263358
262333
262336
263529
262335
28234
26606
28233
26609
28239
11039
262808
262809
263531
263535
262802
262807
262488
262489
22652
61784
262484
262485
61788
262480
262481
61889
264328
52839
52838
52836
52835
52834
52831
28656
28657
28654
28652
22250
28658
65200
19611
262798
262799
262790
262792
262794
52909
52908
52902
52901
52900
6762
16735
16736
16712
262664
262666
262667
262660
266320
266323
262663
262668
262669
262466
262464
262462
262463
262469
53180
53181
52699
53184
53185
53187
53188
52692
52691
52697
52696
52694
65535
61813
61817
52586
52584
52583
11644
52581
52580
52766
52765
52769
52562
52568
265308
265303
264128
265306
54210
265304
264367
264360
265416
266372
264415
264144
264411
264141
264969
264966
7048
30517
264095
264094
264560
264562
264566
263037
263035
263033
25885
61785
264892
263321
263327
263324
263328
263329
262320
263259
262324
263250
35052
27715
28243
262814
28245
28244
262811
26615
26616
6507
262499
61799
262493
262492
262491
262490
262496
262495
52828
52822
52824
22381
28663
23393
28661
28667
28666
28665
28669
28668
262787
262785
262784
262978
262780
393225
55270
262789
13647
52915
52911
26282
266484
25152
262673
262672
262671
61666
262676
262475
262474
262476
262470
262473
262478
53178
53175
53174
53171
53172
61806
61807
52598
52590
52770
2716
52775
2715
52573
52571
53080
53082
53085
53084
53087
52579
265171
52685
52686
52681
52683
203724
53095
52688
52689
53224
53221
53223
53222
265310
33724
11835
14840
45758
265316
63242
263672
264311
41095
7313
265405
264138
265403
263451
264420
264421
264130
264424
264425
264134
264427
264959
264950
264951
3303
264956
21506
262981
264228
263459
264226
264555
264550
264552
264221
53006
15133
7784
17978
263330
263332
262318
262319
8055
4181
262315
262316
262317
262310
262311
262313
27720
28252
28250
262867
28254
262865
262868
262869
19108
61657
28670
61650
61652
266016
30447
52960
52962
52965
52964
52967
52968
32590
11242
12041
262688
266308
262686
262687
262685
266303
262680
262681
262441
262442
262444
262446
262447
262448
11796
262662
53169
53166
53167
53164
53165
53162
61879
11666
61871
16685
265098
265090
52786
52781
52780
52783
52547
52545
52544
53093
52549
53096
53097
53094
43531
265148
61903
61902
265144
265143
53236
53237
53234
53235
53232
53233
53230
53231
11802
53238
53239
53780
18978
265437
264946
265432
264944
265434
264941
264940
265438
264124
264127
264948
27589
265327
264543
264540
264547
265329
264544
263019
40260
263015
61742
28180
7795
263499
263496
263492
264437
263308
263309
52519
263307
263652
263653
263650
263651
263476
28218
263470
263471
262303
263478
262304
262872
28269
28268
262879
262878
28263
28260
262820
28284
28287
28281
28280
28283
22356
8403
263274
263276
263277
263270
61648
61649
28602
28605
28604
61640
28606
55219
6730
52971
52976
52977
22515
13030
263870
263877
263874
263875
19009
265184
132203
11096
52950
22177
264230
262699
262698
262504
262695
262696
262691
262690
263904
26363
263903
262459
262458
262457
263858
22822
262454
262450
52956
53159
53158
11097
53152
21859
53155
53154
13414
36351
52936
26118
61860
61864
52794
52795
265086
52558
52559
52554
52556
52550
52551
61914
61915
61913
61911
265156
61918
265154
53203
53201
14829
2603
53208
264339
264330
264332
11921
265427
265426
265422
266357
263839
28145
264202
264205
264062
264069
264590
264592
264593
264595
264597
264598
7162
263482
7160
263480
263487
263486
263485
263484
264114
37662
264116
263649
264447
264112
263645
263312
263311
263646
264118
264119
263465
263467
31529
263461
263460
262992
262993
8075
23106
262994
28278
28279
262848
28270
28271
28272
262847
28275
28277
263007
263003
263000
263009
28296
28294
28292
55195
22616
28299
27693
6462
393490
263263
263262
28618
263265
61673
28613
263269
28615
263089
61455
264227
262518
52948
262517
262514
52944
262512
52942
8309
52940
32934
61580
61583
61584
3856
27887
264390
18881
266369
266368
266365
266367
262428
262429
262420
262876
262426
262427
262424
19653
52890
52892
52896
64515
64517
17222
61856
61852
19873
61858
262737
262735
262732
262733
262730
262731
11686
262738
262739
17310
52304
30094
52527
16409
61924
61929
61928
13335
53144
53145
12085
53140
12083
53142
53143
53149
6079
265181
265183
53218
265185
265187
265188
53216
53211
20485
52634
52637
52636
52631
52630
52632
10026
262273
52639
3292
60725
262271
19960
33353
264920
264923
40068
264925
264929
264217
264212
57976
264077
264076
264074
264073
264071
264589
14361
14492
264582
264580
27471
47869
264451
264450
264101
264107
264456
264459
264458
33597
263674
263675
262988
263453
263458
263107
262983
262985
54104
61762
24482
263582
263583
263587
263584
263589
262857
262854
263072
28598
263070
263071
263076
263077
263075
28591
28590
28593
28595
28594
28597
28596
23596
28609
28625
28624
28623
61663
28629
23114
263296
263297
263293
263290
263273
61440
52958
263855
264092
262509
11271
263853
262505
52951
52952
52953
262501
262500
262503
262502
15211
61642
263279
28132
28131
28135
28134
52851
28138
32098
266350
19200
262438
263923
263925
263928
262435
262434
12654
52888
22085
25751
52880
52881
52886
52887
52884
16891
262839
61849
262725
262724
262721
262720
262723
262729
4826
10906
8674
263539
53045
53046
53043
52532
52530
52531
61935
61936
53131
53130
53133
53135
53137
263420
53139
14026
265198
20940
265193
52625
52623
1916
52873
263873
264911
197981
28267
264265
264268
264009
264007
264005
77
62622
264861
264862
264863
264866
263665
263663
26104
263661
263668
30122
264466
264461
263119
263449
263448
263447
263444
263442
263112
264486
14571
54113
8781
263591
263597
263596
28588
28589
263064
28583
28580
28586
28587
8657
262880
262883
262886
262887
4230
28631
28634
28635
28636
28637
28639
263289
263285
262539
263841
262532
262533
262534
28128
32425
27781
28125
28126
28127
61720
266434
266431
266346
266344
266348
16559
262400
262402
262403
52280
262408
262409
12678
19679
262456
52438
6643
262710
262711
262713
262715
262716
262717
262719
52982
52981
52987
52989
52988
52320
53059
10310
53057
53054
134391
53053
53050
13357
262813
264913
262812
61948
28247
53090
61942
53122
53120
6057
2635
52613
52611
52610
52614
265292
46562
265059
265054
265055
265051
265277
262959
14907
264904
262957
63383
264270
264274
263469
3549
264018
264875
54054
264872
264011
264013
264014
264016
263611
263617
263615
265475
265476
264471
265478
264476
263120
263433
263124
263126
264497
264490
264492
40627
15695
263055
263056
263057
263053
263546
263544
263542
263541
262891
15180
27664
7738
28338
1251
28334
28331
28330
28333
262527
262526
262523
8359
28158
28151
28150
28152
28155
28154
262344
266403
266409
262413
262412
262417
262416
262414
262419
263949
263946
28148
263944
263945
32181
28143
263548
28141
262706
262704
262700
19990
52999
11432
52997
52990
52991
52992
52993
53068
52518
53062
53061
10670
53066
53065
10674
3737
61951
53118
53115
53114
53112
20144
52608
52604
52607
52601
52914
265280
36408
265284
265049
265048
62955
265260
265262
264393
10297
265269
264397
61919
264244
264247
53246
53242
53240
2914
714
263110
263605
263604
265464
263421
11537
263425
394670
263427
12989
53204
263049
263048
264020
264023
263043
263042
263041
263047
263555
263557
263553
263558
262902
6939
28359
61637
28358
61633
27656
263137
28357
263135
52720
28328
23148
28326
28327
262954
262955
262952
28323
262552
262550
262557
262558
262394
262393
21595
61709
61702
28140
61700
28146
61704
22431
266415
266413
22128
6614
263959
263958
13768
52858
52856
13760
52850
61898
61893
61890
61897
262778
26218
262773
262777
262775
10938
27345
18547
262607
262605
262609
53100
53101
53102
53103
53104
53107
6830
52671
21371
33132
13489
53075
53070
53071
53072
265072
265074
265075
264389
265251
265252
264382
52706
21574
52700
265389
264256
264255
36692
2906
23289
263634
263635
28229
263632
265497
263384
263386
22341
8757
28001
28226
264031
28225
23550
263566
263567
263569
263091
23089
263096
263097
263099
7713
264527
263142
263415
263416
262949
262948
28313
28311
28310
263418
262540
262545
262544
262546
263898
262381
262385
11232
263893
263897
61715
28173
132591
15256
28178
266399
266468
61578
16509
266390
266391
61577
61570
263964
263961
263968
6623
22689
26592
52848
52846
52844
52840
52841
266083
61884
61880
61882
19551
61888
266269
42473
262769
22591
262761
262760
262765
262767
262766
16276
262614
262616
262611
262610
262612
52777
11706
39784
28124
52668
52669
22925
52662
52660
52661
52666
265065
16876
53001
263483
12140
53005
6315
53009
53008
13495
199524
265246
265240
52713
9304
266347
264442
265399
265398
264440
3573
52578
53086
263648
264284
264538
264534
264531
14609
55259
263629
263623
263626
263316
14282
265489
265485
22148
265481
265482
263391
263390
263395
263394
263399
263466
6327
29834
23520
8100
263577
263576
27630
23105
206264
263087
263086
263083
263080
28306
28307
28300
28301
28303
53078
28308
28309
53079
263151
262979
263152
263154
262970
262971
29169
262578
263880
262575
262378
262379
262376
262377
262374
262375
262372
61763
28163
61765
28165
28166
28169
262967
19723
263972
265317
263979
263978
262288
52878
262282
52872
52871
52877
52875
52874
14551
262755
262757
262750
262843
262596
262595
262593
262591
10954
21911
16265
262620
262624
262627
2497
26162
52657
21351
52655
52654
52653
52651
52650
10733
112
264254
265011
4809
265019
53012
53013
53011
53016
53017
53015
53018
53019
265238
52722
52721
10429
28298
52728
265120
265345
59605
265343
265341
264525
264295
264526
264521
265348
263368
263369
263363
263361
28199
264135
28579
28573
28571
28577
28576
29791
263508
263502
263504
28193
14413
28370
262965
262963
262962
42
263261
262968
1299
14204
263164
263162
30081
262568
262562
262561
262369
61672
262365
51468
262363
61770
28206
393713
28198
28195
28197
28196
28191
28190
27750
28192
28209
7465
28205
28204
28207
25933
28201
28203
28202
# ---- cut here ----
