20150311
20140321
20140801
20141101
20150411
20151201
20140221
20130201
20140521
20130601
20130321
20150121
20141221
20160211
20150301
20140301
20140511
20150601
20140821
20160511
20141111
20140721
20160301
20130121
20150921
20150901
20130211
20130301
20150721
20130401
20131001
20130111
20130801
20130611
20151011
20131121
20141011
20150511
20150811
20150911
20150111
20130911
20140811
20130821
20150821
20130521
20131111
20160501
20160421
20150621
20130721
20160101
20150211
20151221
20140611
20140311
20150221
20130221
20151111
20150521
20140621
20150711
20140121
20130901
20140901
20131101
20160121
20151211
20140401
20131201
20160411
20130101
20140411
20141211
20140911
20130411
20130921
20140111
20150421
20140421
20141121
20160201
20140701
20130501
20130711
20131011
20130811
20151121
20141001
20150611
20130627
20140921
20130701
20160111
20151101
20140101
20131021
20140601
20140211
20160221
20151001
20130313
20160311
20150201
20160321
20150501
20131221
20150801
20141021
20131211
20151021
20150101
20150321
20140201
20140501
20141201
20150701
20160401
20140711
20130511
20130421
20150401
